(2 2 26)
(2 3 32)
(2 4 130)
(2 5 404)
(2 6 962)
(2 7 1936)
(2 8 3482)
(2 9 5780)
(3 2 0)
(3 3 26)
(3 4 148)
(3 5 450)
(3 6 1040)
(3 7 2050)
(3 8 3636)
(3 9 5978)
(4 2 50)
(4 3 100)
(4 4 250)
(4 5 584)
(4 6 1210)
(4 7 2260)
(4 8 3890)
(4 9 6280)
(5 2 260)
(5 3 338)
(5 4 520)
(5 5 890)
(5 6 1556)
(5 7 2650)
(5 8 4328)
(5 9 6770)
(6 2 738)
(6 3 848)
(6 4 1066)
(6 5 1476)
(6 6 2186)
(6 7 3328)
(6 8 5058)
(6 9 7556)
(7 2 1616)
(7 3 1762)
(7 4 2020)
(7 5 2474)
(7 6 3232)
(7 7 4426)
(7 8 6212)
(7 9 8770)
(8 2 3050)
(8 3 3236)
(8 4 3538)
(8 5 4040)
(8 6 4850)
(8 7 6100)
(8 8 7946)
(8 9 10568)
(9 2 5220)
(9 3 5450)
(9 4 5800)
(9 5 6354)
(9 6 7220)
(9 7 8530)
(9 8 10440)
(9 9 13130)
(10 2 8330)
(10 3 8608)
(10 4 9010)
(10 5 9620)
(10 6 10546)
(10 7 11920)
(10 8 13898)
(10 9 16660)
(11 2 12608)
(11 3 12938)
(11 4 13396)
(11 5 14066)
(11 6 15056)
(11 7 16498)
(11 8 18548)
(11 9 21386)
