(2 2 0.0)
(2 3 -6.476280985714171)
(2 4 -14.0)
(2 5 -23.27729376770643)
(2 6 -34.45258877106183)
(2 7 -47.57517125156791)
(2 8 -62.666666666666664)
(2 9 -79.73814049285708)
(3 2 10.264662506490406)
(3 3 0.0)
(3 4 -8.867668746754797)
(3 5 -18.856544249626133)
(3 6 -30.481675265110873)
(3 7 -43.918824693517784)
(3 8 -59.24511249783653)
(3 9 -76.5)
(4 2 28.0)
(4 3 11.189752114286637)
(4 4 0.0)
(4 5 -11.218350141651422)
(4 6 -23.620710168494668)
(4 7 -37.60137001254329)
(4 8 -53.33333333333333)
(4 9 -70.90512394285668)
(5 2 54.04820237218405)
(5 3 27.624338017948176)
(5 4 13.024101186092025)
(5 5 0.0)
(5 6 -13.54388995740182)
(5 7 -28.322813116327097)
(5 8 -44.65059920927198)
(5 9 -62.68783099102591)
(6 2 89.05865002596161)
(6 3 49.71347112857246)
(6 4 30.529325012980806)
(6 5 15.078179092137631)
(6 6 0.0)
(6 7 -15.851840038182338)
(6 8 -32.98044999134613)
(6 9 -51.643264435713775)
(7 2 133.5603911808226)
(7 3 77.79094370890968)
(7 4 52.780195590411296)
(7 5 34.244035800986204)
(7 6 17.2156234925829)
(7 7 0.0)
(7 8 -18.146536273059127)
(7 9 -37.60452814554516)
(8 2 188.0)
(8 3 112.1385126857198)
(8 4 80.0)
(8 5 57.68989915009146)
(8 6 38.27573898903198)
(8 7 19.39177992474025)
(8 8 0.0)
(8 9 -20.4307436571401)
(9 2 252.7639251168273)
(9 3 153.0)
(9 4 112.38196255841365)
(9 5 85.58220350672963)
(9 6 63.329845228004274)
(9 7 42.46115551667991)
(9 8 21.58797503894246)
(9 9 0.0)
