(0 15 -11390625)
(0 16 -16777216)
(0 17 -24137569)
(0 18 -34012224)
(0 19 -47045881)
(1 15 -11390624)
(1 16 -16777215)
(1 17 -24137568)
(1 18 -34012223)
(1 19 -47045880)
(2 15 -11390561)
(2 16 -16777152)
(2 17 -24137505)
(2 18 -34012160)
(2 19 -47045817)
(3 15 -11389896)
(3 16 -16776487)
(3 17 -24136840)
(3 18 -34011495)
(3 19 -47045152)
(4 15 -11386529)
(4 16 -16773120)
(4 17 -24133473)
(4 18 -34008128)
(4 19 -47041785)
(5 15 -11375000)
(5 16 -16761591)
(5 17 -24121944)
(5 18 -33996599)
(5 19 -47030256)
(6 15 -11343969)
(6 16 -16730560)
(6 17 -24090913)
(6 18 -33965568)
(6 19 -46999225)
(7 15 -11272976)
(7 16 -16659567)
(7 17 -24019920)
(7 18 -33894575)
(7 19 -46928232)
(8 15 -11128481)
(8 16 -16515072)
(8 17 -23875425)
(8 18 -33750080)
(8 19 -46783737)
(9 15 -10859184)
(9 16 -16245775)
(9 17 -23606128)
(9 18 -33480783)
(9 19 -46514440)
(10 15 -10390625)
(10 16 -15777216)
(10 17 -23137569)
(10 18 -33012224)
(10 19 -46045881)
(11 15 -9619064)
(11 16 -15005655)
(11 17 -22366008)
(11 18 -32240663)
(11 19 -45274320)
(12 15 -8404641)
(12 16 -13791232)
(12 17 -21151585)
(12 18 -31026240)
(12 19 -44059897)
(13 15 -6563816)
(13 16 -11950407)
(13 17 -19310760)
(13 18 -29185415)
(13 19 -42219072)
(14 15 -3861089)
(14 16 -9247680)
(14 17 -16608033)
(14 18 -26482688)
(14 19 -39516345)
(15 15 0)
(15 16 -5386591)
(15 17 -12746944)
(15 18 -22621599)
(15 19 -35655256)
(16 15 5386591)
(16 16 0)
(16 17 -7360353)
(16 18 -17235008)
(16 19 -30268665)
