(0 15 -38443359600)
(0 16 -68719476992)
(0 17 -118587876786)
(0 18 -198359290692)
(0 19 -322687698140)
(1 15 -38443359598)
(1 16 -68719476990)
(1 17 -118587876784)
(1 18 -198359290690)
(1 19 -322687698138)
(2 15 -38443359084)
(2 16 -68719476476)
(2 17 -118587876270)
(2 18 -198359290176)
(2 19 -322687697624)
(3 15 -38443339908)
(3 16 -68719457300)
(3 17 -118587857094)
(3 18 -198359271000)
(3 19 -322687678448)
(4 15 -38443097440)
(4 16 -68719214832)
(4 17 -118587614626)
(4 18 -198359028532)
(4 19 -322687435980)
(5 15 -38441406450)
(5 16 -68717523842)
(5 17 -118585923636)
(5 18 -198357337542)
(5 19 -322685744990)
(6 15 -38433281868)
(6 16 -68709399260)
(6 17 -118577799054)
(6 18 -198349212960)
(6 19 -322677620408)
(7 15 -38403005944)
(7 16 -68679123336)
(7 17 -118547523130)
(7 18 -198318937036)
(7 19 -322647344484)
(8 15 -38309141808)
(8 16 -68585259200)
(8 17 -118453658994)
(8 18 -198225072900)
(8 19 -322553480348)
(9 15 -38055939030)
(9 16 -68332056422)
(9 17 -118200456216)
(9 18 -197971870122)
(9 19 -322300277570)
(10 15 -37443359500)
(10 16 -67719476892)
(10 17 -117587876686)
(10 18 -197359290592)
(10 19 -321687698040)
(11 15 -36085411788)
(11 16 -66361529180)
(11 17 -116229928974)
(11 18 -196001342880)
(11 19 -320329750328)
(12 15 -33283579104)
(12 16 -63559696496)
(12 17 -113428096290)
(12 18 -193199510196)
(12 19 -317527917644)
(13 15 -27838860058)
(13 16 -58114977450)
(13 17 -107983377244)
(13 18 -187754791150)
(13 19 -312083198598)
(14 15 -17782312620)
(14 16 -48058430012)
(14 17 -97926829806)
(14 18 -177698243712)
(14 19 -302026651160)
(15 15 0)
(15 16 -30276117392)
(15 17 -80144517186)
(15 18 -159915931092)
(15 19 -284244338540)
(16 15 30276117392)
(16 16 0)
(16 17 -49868399794)
(16 18 -129639813700)
(16 19 -253968221148)
