(10 1 10103)
(10 2 10111)
(10 3 10131)
(10 4 10169)
(11 1 14765)
(11 2 14773)
(11 3 14793)
(11 4 14831)
(12 1 20883)
(12 2 20891)
(12 3 20911)
(12 4 20949)
(13 1 28733)
(13 2 28741)
(13 3 28761)
(13 4 28799)
(14 1 38615)
(14 2 38623)
(14 3 38643)
(14 4 38681)
(15 1 50853)
(15 2 50861)
(15 3 50881)
(15 4 50919)
(16 1 65795)
(16 2 65803)
(16 3 65823)
(16 4 65861)
(17 1 83813)
(17 2 83821)
(17 3 83841)
(17 4 83879)
(18 1 105303)
(18 2 105311)
(18 3 105331)
(18 4 105369)
(19 1 130685)
(19 2 130693)
(19 3 130713)
(19 4 130751)
