(5 1 60466176)
(5 2 282475249)
(5 3 1073741824)
(5 4 3486784401)
(6 1 282475249)
(6 2 1073741824)
(6 3 3486784401)
(6 4 10000000000)
(7 1 1073741824)
(7 2 3486784401)
(7 3 10000000000)
(7 4 25937424601)
(8 1 3486784401)
(8 2 10000000000)
(8 3 25937424601)
(8 4 61917364224)
(9 1 10000000000)
(9 2 25937424601)
(9 3 61917364224)
(9 4 137858491849)
(10 1 25937424601)
(10 2 61917364224)
(10 3 137858491849)
(10 4 289254654976)
(11 1 61917364224)
(11 2 137858491849)
(11 3 289254654976)
(11 4 576650390625)
